2.024559498591065321e-01
7.384991805753817751e-01
9.677968297640116013e-01
-8.417189481054283551e-01
-3.783289654294506033e-01
-8.112102564811760619e-01
-2.428225241009287494e-01
-8.382517198998340469e-02
-6.347818744115245604e-01
8.497873711302157407e-01
-8.795599728066403333e-01
1.903278566563759711e-01
3.013163755399810295e-01
-9.441278615276333941e-01
-1.580346305712210242e-01
7.524812342204170168e-01
-1.090086971084638368e-01
4.946803023101329355e-01
-4.884904904440918738e-01
-1.575017828193034930e-01
5.720724171613187359e-01
3.619137704643327069e-01
-8.599204006311880200e-01
8.007448284148572792e-01
2.130516361128176328e-02
6.063474987224699575e-01
-8.564544757778085327e-01
-6.043936990935570019e-01
-4.396613829862778822e-01
-8.974324824852581983e-01
6.468073248087145011e-01
-6.975596868635103309e-01
2.810822914588220200e-01
6.871327660636949997e-01
3.068689686027523678e-01
-2.577032955548732573e-01
8.415257930346460302e-01
5.529436490778816271e-01
1.757787944240845057e-01
-2.164603743581228201e-02
-2.725212412087882896e-01
-3.293227442766117896e-01
-8.563080796333275568e-01
-7.979869011404128187e-01
-4.973497995131681559e-01
2.527415415292619816e-01
-4.754103330027668051e-01
-5.894214663984305158e-01
-1.970491956266842148e-01
9.319557346154732080e-01
-1.894757993485363112e-01
-9.458833158004289476e-01
7.503999031394026353e-02
1.713571397651605377e-01
3.085700122187489125e-01
-1.461449841845088304e-01
-4.242575098659373545e-02
-6.079810839797421540e-01
2.566453222749831564e-01
-1.453322796929836791e-01
6.087856626114358516e-01
1.829760751705185040e-01
7.058330120460676316e-01
9.962681428682373941e-02
2.604876863411087484e-01
-5.969183812527676380e-01
2.201013016265960243e-01
1.017401810900671055e-01
3.461278032322456788e-02
-5.889506643224713400e-01
-2.445713501564639181e-01
2.305985605765370483e-01
-8.357772090145378918e-01
-9.519201046397420818e-01
-2.506766047906563433e-01
3.162211215960941679e-02
-6.964946006918624199e-01
-4.497936075698993896e-01
2.169092890791679551e-02
1.870462702563475688e-01
7.454735751592367343e-02
4.074255397463837358e-01
3.596647027064459046e-02
-7.619188677812167576e-01
-9.809049832218137421e-01
-2.946386378801604256e-01
7.105135646924576331e-01
-9.892272696933510634e-01
-9.765563983028413553e-02
5.751495735791052333e-01
-2.608147074724262993e-01
-4.328942077971875690e-02
-3.860735349855271004e-01
6.380394338261081710e-01
-9.975075815104592625e-01
-3.933810977439677892e-01
-3.093469073411849735e-01
4.766972939435507595e-01
8.298154354766453800e-01
4.911125545199264142e-01
6.589855289230750479e-01
-1.748029234826389278e-01
-1.613298864905812202e-01
5.711523410472663098e-01
-7.046763387174841409e-01
4.313820034376851797e-01
-3.426505317649133353e-01
-3.106112562422520540e-01
6.062090987605843750e-01
-5.070678674059712066e-01
3.497550231232964268e-01
7.909417419192230625e-01
4.665610404329938454e-01
3.887844394841266649e-01
7.419933119747135208e-02
7.475455548081957335e-01
-8.521826857023429014e-02
8.221688451779611828e-01
4.386039933389358492e-01
-7.176300529104673309e-02
6.910735106189769272e-01
-5.888500436325687648e-01
-1.353409098853108894e-01
