3.734514703681484082e-01
3.087291382987378263e-01
-5.239849289940496924e-01
5.460375702713320401e-01
-1.749597233309172495e-01
-6.594599340243794128e-01
1.279739628319798150e-02
8.883096147856925917e-01
8.159998243050252675e-01
4.870417818595940140e-01
6.559125962761134243e-01
4.953374994944592657e-02
4.060609373614854078e-01
1.239237751338677640e-01
5.196869807332802349e-01
-1.918209604480214381e-01
1.108862832440959956e-02
4.976934814013034281e-01
-3.559821011691157722e-01
-3.070519553296180426e-01
-9.681234832089149478e-01
-7.552895205801410938e-01
-7.234395609522614734e-01
3.729836447666177168e-01
-8.469982871142494041e-01
9.468790368363082521e-01
3.464611616820145734e-01
9.044578557195288582e-01
-9.057637902072768199e-01
-8.654957186482612475e-01
-8.815537461986586720e-01
4.110431983605016271e-01
5.152548253890356644e-01
8.551391489490289821e-01
-5.815409355425116278e-01
-4.187398117765399608e-01
9.000859873516087184e-02
-4.745043767769918652e-01
5.379547735082854665e-01
2.524596062596478063e-01
-1.018880370486008324e-01
-5.141366235163407072e-01
-9.484132481819835814e-01
6.914027436120377956e-01
5.556441842627517502e-01
-4.654487118916534882e-01
-9.372418062282772411e-02
9.803321063844354644e-01
2.187379968949736408e-01
2.268847826963482639e-01
2.505818738547049840e-01
4.208594750847196586e-01
-4.757974191061840052e-01
-2.745113855639331746e-01
